4301,Wendy,Taylor,36,4300
4302,Wendy,Smith,37,4301
4303,Wendy,Naveed,38,4302
4304,Wendy,Milne,39,4303
4305,Wendy,Jones,40,4304
4306,Wendy,Archer,41,4305
4307,Wendy,Fry,42,4306
4308,Wendy,Paxman,43,4307
4309,Wendy,Haart,44,4308
4310,Wendy,Webber,45,4309
4311,Angela,Taylor,46,4310
4312,Angela,Smith,47,4311
4313,Angela,Naveed,48,4312
4314,Angela,Milne,49,4313
4315,Angela,Jones,50,4314
4316,Angela,Archer,51,4315
4317,Angela,Fry,52,4316
4318,Angela,Paxman,53,4317
4319,Angela,Haart,54,4318
4320,Angela,Webber,55,4319
4321,Tony,Taylor,56,4320
4322,Tony,Smith,57,4321
4323,Tony,Naveed,58,4322
4324,Tony,Milne,59,4323
4325,Tony,Jones,60,4324
4326,Tony,Archer,61,4325
4327,Tony,Fry,62,4326
4328,Tony,Paxman,63,4327
4329,Tony,Haart,64,4328
4330,Tony,Webber,65,4329
4331,Medrith,Taylor,66,4330
4332,Medrith,Smith,67,4331
4333,Medrith,Naveed,68,4332
4334,Medrith,Milne,69,4333
4335,Medrith,Jones,70,4334
4336,Medrith,Archer,20,4335
4337,Medrith,Fry,21,4336
4338,Medrith,Paxman,22,4337
4339,Medrith,Haart,23,4338
4340,Medrith,Webber,24,4339
4341,Emma,Taylor,25,4340
4342,Emma,Smith,26,4341
4343,Emma,Naveed,27,4342
4344,Emma,Milne,28,4343
4345,Emma,Jones,29,4344
4346,Emma,Archer,30,4345
4347,Emma,Fry,31,4346
4348,Emma,Paxman,32,4347
4349,Emma,Haart,33,4348
4350,Emma,Webber,34,4349
4351,Stacy,Taylor,35,4350
4352,Stacy,Smith,36,4351
4353,Stacy,Naveed,37,4352
4354,Stacy,Milne,38,4353
4355,Stacy,Jones,39,4354
4356,Stacy,Archer,40,4355
4357,Stacy,Fry,41,4356
4358,Stacy,Paxman,42,4357
4359,Stacy,Haart,43,4358
4360,Stacy,Webber,44,4359
4361,Tammy,Taylor,45,4360
4362,Tammy,Smith,46,4361
4363,Tammy,Naveed,47,4362
4364,Tammy,Milne,48,4363
4365,Tammy,Jones,49,4364
4366,Tammy,Archer,50,4365
4367,Tammy,Fry,51,4366
4368,Tammy,Paxman,52,4367
4369,Tammy,Haart,53,4368
4370,Tammy,Webber,54,4369
4371,Lucy,Taylor,55,4370
4372,Lucy,Smith,56,4371
4373,Lucy,Naveed,57,4372
4374,Lucy,Milne,58,4373
4375,Lucy,Jones,59,4374
4376,Lucy,Archer,60,4375
4377,Lucy,Fry,61,4376
4378,Lucy,Paxman,62,4377
4379,Lucy,Haart,63,4378
4380,Lucy,Webber,64,4379
4381,Oliver,Taylor,65,4380
4382,Oliver,Smith,66,4381
4383,Oliver,Naveed,67,4382
4384,Oliver,Milne,68,4383
4385,Oliver,Jones,69,4384
4386,Oliver,Archer,70,4385
4387,Oliver,Fry,20,4386
4388,Oliver,Paxman,21,4387
4389,Oliver,Haart,22,4388
4390,Oliver,Webber,23,4389
4391,Heather,Taylor,24,4390
4392,Heather,Smith,25,4391
4393,Heather,Naveed,26,4392
4394,Heather,Milne,27,4393
4395,Heather,Jones,28,4394
4396,Heather,Archer,29,4395
4397,Heather,Fry,30,4396
4398,Heather,Paxman,31,4397
4399,Heather,Haart,32,4398
4400,Heather,Webber,33,4399
